[gd_scene load_steps=21 format=3 uid="uid://cu8wwfa6sp08l"]

[ext_resource type="PackedScene" uid="uid://cyn0jecmoh0jd" path="res://Prefabs/player.tscn" id="2_20pc6"]
[ext_resource type="Texture2D" uid="uid://bipeqg1iuorlf" path="res://Art/hand2.png" id="2_r0du0"]
[ext_resource type="Texture2D" uid="uid://1gqnjaww4g8w" path="res://Art/icon.svg" id="3_r0du0"]
[ext_resource type="Shader" uid="uid://dei0cc48t685c" path="res://scroll_uv.gdshader" id="4_wkp8b"]
[ext_resource type="Texture2D" uid="uid://djhvgv264i6fu" path="res://Art/conveyor.png" id="5_20pc6"]
[ext_resource type="PackedScene" uid="uid://1w6o13tpi4hd" path="res://Prefabs/brain.tscn" id="5_fos0i"]
[ext_resource type="PackedScene" uid="uid://tiqk5n8m7h6d" path="res://Prefabs/guts.tscn" id="6_3dxm6"]
[ext_resource type="PackedScene" uid="uid://dvbsh4tq2q34w" path="res://Prefabs/balls.tscn" id="7_lgr22"]
[ext_resource type="PackedScene" uid="uid://c86mquyfvdqmu" path="res://Prefabs/bro.tscn" id="7_trn2v"]
[ext_resource type="Script" uid="uid://d1mkrp3fgykue" path="res://Scripts/partSpawner.gd" id="8_trn2v"]
[ext_resource type="Texture2D" uid="uid://b47ntf8eyh80c" path="res://Art/axeHand.png" id="9_03owx"]
[ext_resource type="Texture2D" uid="uid://dnl6aivenht6l" path="res://Art/Crosshair_4.png" id="12_5vvyt"]

[sub_resource type="ProceduralSkyMaterial" id="ProceduralSkyMaterial_uu6xs"]

[sub_resource type="Sky" id="Sky_uu6xs"]
sky_material = SubResource("ProceduralSkyMaterial_uu6xs")

[sub_resource type="Environment" id="Environment_r0du0"]
background_mode = 2
sky = SubResource("Sky_uu6xs")

[sub_resource type="StandardMaterial3D" id="StandardMaterial3D_cm0pq"]
albedo_texture = ExtResource("3_r0du0")

[sub_resource type="StandardMaterial3D" id="StandardMaterial3D_trn2v"]
albedo_texture = ExtResource("3_r0du0")

[sub_resource type="StandardMaterial3D" id="StandardMaterial3D_r0du0"]
albedo_color = Color(0.887814, 0.416422, 3.85046e-07, 1)
emission_enabled = true
emission = Color(1, 0.486275, 0, 1)

[sub_resource type="ShaderMaterial" id="ShaderMaterial_wkp8b"]
render_priority = 0
shader = ExtResource("4_wkp8b")
shader_parameter/albedo_tex = ExtResource("5_20pc6")
shader_parameter/scroll_speed = Vector2(0, -1)
shader_parameter/drive = 0.0
shader_parameter/uv_scale = Vector2(1, 10)
shader_parameter/uv_offset = Vector2(0, 0)

[sub_resource type="Curve3D" id="Curve3D_03owx"]
_data = {
"points": PackedVector3Array(0, 0, 0, 0, 0, 0, 0.185853, -2.38419e-07, -11.8193, 0, 0, 0, 0, 0, 0, 0.162111, -2.38419e-07, 0.984347, 0, 0, 0, 0, 0, 0, 0.138368, -3.28885, 3.1513),
"tilts": PackedFloat32Array(0, 0, 0)
}
point_count = 3
up_vector_enabled = false

[node name="Node3D" type="Node3D"]

[node name="Player" parent="." instance=ExtResource("2_20pc6")]
transform = Transform3D(1, 0, 0, 0, 1, 0, 0, 0, 1, 0.441411, 0, 0)

[node name="WorldEnvironment" type="WorldEnvironment" parent="."]
environment = SubResource("Environment_r0du0")

[node name="DirectionalLight3D" type="DirectionalLight3D" parent="."]
transform = Transform3D(0.956269, 0.0536381, 0.287528, -0.192502, -0.624701, 0.756764, 0.22021, -0.77902, -0.587057, 0.100567, 0, -10.9354)

[node name="Room" type="Node3D" parent="."]

[node name="Floor" type="CSGBox3D" parent="Room"]
transform = Transform3D(1, 0, 0, 0, 1, 0, 0, 0, 1, -3.24646, -1, -3.07145)
material_override = SubResource("StandardMaterial3D_cm0pq")
size = Vector3(13.4753, 1, 12.8571)

[node name="Wall" type="CSGBox3D" parent="Room"]
transform = Transform3D(1, 0, 0, 0, 1, 0, 0, 0, 1, 3.42424, 1.50586, -3.54585)
material_override = SubResource("StandardMaterial3D_cm0pq")
size = Vector3(1.10913, 6.01172, 11.9083)

[node name="Wall2" type="CSGBox3D" parent="Room"]
transform = Transform3D(1, 0, 0, 0, 1, 0, 0, 0, 1, -5.87507, 1.50586, -1.60531)
material_override = SubResource("StandardMaterial3D_cm0pq")
size = Vector3(1.10913, 6.01172, 9.94151)

[node name="Wall9" type="CSGBox3D" parent="Room"]
transform = Transform3D(1, 0, 0, 0, 1, 0, 0, 0, 1, -5.97135, 3.01932, -5.74434)
material_override = SubResource("StandardMaterial3D_cm0pq")
size = Vector3(1.10913, 2.93378, 9.94151)

[node name="Wall5" type="CSGBox3D" parent="Room"]
transform = Transform3D(1, 0, 0, 0, 1, 0, 0, 0, 1, -4.04444, -0.712646, -5.20816)
material_override = SubResource("StandardMaterial3D_cm0pq")
size = Vector3(0.247925, 1.57471, 9.94151)

[node name="Wall6" type="CSGBox3D" parent="Room"]
transform = Transform3D(1, 0, 0, 0, 1, 0, 0, 0, 1, -2.75086, -0.712646, -0.971758)
material_override = SubResource("StandardMaterial3D_cm0pq")
size = Vector3(0.247925, 1.57471, 9.94151)

[node name="Wall7" type="CSGBox3D" parent="Room"]
transform = Transform3D(1, 0, 0, 0, 1, 0, 0, 0, 1, -1.34198, -0.712646, -6.36322)
material_override = SubResource("StandardMaterial3D_cm0pq")
size = Vector3(0.247925, 1.57471, 9.94151)

[node name="Wall3" type="CSGBox3D" parent="Room"]
transform = Transform3D(1, 0, 0, 0, 1, 0, 0, 0, 1, -1.25703, 2.42334, -9.73972)
material_override = SubResource("StandardMaterial3D_cm0pq")
size = Vector3(10.3452, 4.17676, 1.79306)

[node name="Wall8" type="CSGBox3D" parent="Room"]
transform = Transform3D(1, 0, 0, 0, 1, 0, 0, 0, 1, -5.68397, 1.50496, -9.84118)
material_override = SubResource("StandardMaterial3D_cm0pq")
size = Vector3(8.77185, 4.17676, 1.79306)

[node name="Wall4" type="CSGBox3D" parent="Room"]
transform = Transform3D(1, 0, 0, 0, 1, 0, 0, 0, 1, -1.19844, 1.50586, 2.81931)
material_override = SubResource("StandardMaterial3D_cm0pq")
size = Vector3(10.4624, 6.01172, 1.79306)

[node name="Spawner" type="CSGBox3D" parent="Room"]
transform = Transform3D(1, 0, 0, 0, 1, 0, 0, 0, 1, 0.558902, -0.379425, -8)
material_override = SubResource("StandardMaterial3D_cm0pq")
size = Vector3(3.83301, 0.24115, 2)

[node name="Spawner3" type="CSGBox3D" parent="Room"]
transform = Transform3D(1, 0, 0, 0, 1, 0, 0, 0, 1, -0.537411, 0.191879, -8)
material_override = SubResource("StandardMaterial3D_cm0pq")
size = Vector3(1.29614, 1.38376, 2)

[node name="Spawner4" type="CSGBox3D" parent="Room"]
transform = Transform3D(1, 0, 0, 0, 1, 0, 0, 0, 1, 2.46392, 0.191879, -8)
material_override = SubResource("StandardMaterial3D_cm0pq")
size = Vector3(1.25391, 1.38376, 2)

[node name="Spawner2" type="CSGBox3D" parent="Room"]
transform = Transform3D(1, 0, 0, 0, 1, 0, 0, 0, 1, 0.832462, 0.623274, -8.02981)
material_override = SubResource("StandardMaterial3D_cm0pq")
size = Vector3(4.02368, 0.560425, 2)

[node name="Table" type="CSGBox3D" parent="Room"]
transform = Transform3D(-4.37114e-08, 0, -1, 0, 1, 0, 1, 0, -4.37114e-08, 0.0159312, -0.0319829, -0.053003)
material_override = SubResource("StandardMaterial3D_trn2v")
size = Vector3(0.987488, 0.616821, 0.391706)

[node name="Incinerator" type="CSGBox3D" parent="Room"]
transform = Transform3D(-4.37114e-08, 0, -1, 0, 1, 0, 1, 0, -4.37114e-08, 1.01538, -0.858039, 1.46759)
material_override = SubResource("StandardMaterial3D_r0du0")
size = Vector3(1.24472, 1.38605, 1.66656)

[node name="bro6" parent="Room" instance=ExtResource("7_trn2v")]
transform = Transform3D(0.998204, -0.0356223, 0.0481647, 0.0481637, -0.000886008, -0.99884, 0.0356237, 0.999365, 0.000831351, -2.1504, 0.125208, -4.39684)

[node name="bro9" parent="Room" instance=ExtResource("7_trn2v")]
transform = Transform3D(0.569191, 0.821772, 0.0267173, 0.0481637, -0.000886008, -0.99884, -0.820794, 0.569816, -0.0400839, -2.77416, 0.125208, -7.13641)

[node name="bro10" parent="Room" instance=ExtResource("7_trn2v")]
transform = Transform3D(-0.906996, 0.418825, -0.0441066, 0.0481638, -0.000886008, -0.99884, -0.418378, -0.908067, -0.0193686, -3.36344, 0.125208, -4.56328)

[node name="bro11" parent="Room" instance=ExtResource("7_trn2v")]
transform = Transform3D(-0.950458, -0.307499, -0.045558, 0.0481638, -0.000886008, -0.99884, 0.307102, -0.951548, 0.0156524, -3.26819, 0.125208, -1.4829)

[node name="bro12" parent="Room" instance=ExtResource("7_trn2v")]
transform = Transform3D(-0.802272, 0.59567, -0.0392137, 0.0481638, -0.000886007, -0.99884, -0.595013, -0.803229, -0.0279789, -4.12698, 0.125208, 0.940105)

[node name="bro13" parent="Room" instance=ExtResource("7_trn2v")]
transform = Transform3D(0.762537, 0.645931, 0.0361964, 0.0481638, -0.000886009, -0.99884, -0.64515, 0.763395, -0.0317861, -4.86021, 0.125208, -2.83551)

[node name="bro14" parent="Room" instance=ExtResource("7_trn2v")]
transform = Transform3D(0.762537, 0.645931, 0.0361964, 0.0481638, -0.000886009, -0.99884, -0.64515, 0.763395, -0.0317861, -4.87631, 0.125208, -7.64507)

[node name="bro7" parent="Room" instance=ExtResource("7_trn2v")]
transform = Transform3D(0.998204, -0.0356223, 0.0481647, 0.0481637, -0.000886008, -0.99884, 0.0356237, 0.999365, 0.000831351, -1.9851, 0.125208, -1.8246)

[node name="bro8" parent="Room" instance=ExtResource("7_trn2v")]
transform = Transform3D(-0.105588, 0.994392, -0.00597343, 0.0481638, -0.000886009, -0.99884, -0.993244, -0.105753, -0.0478001, -0.754125, 0.125208, 0.151055)

[node name="brain" parent="." instance=ExtResource("5_fos0i")]
transform = Transform3D(0.498874, 0.46055, 0.734178, -0.0137558, 0.851222, -0.524625, -0.866565, 0.251622, 0.430988, -0.024776, 0.293038, -0.404544)

[node name="guts" parent="." instance=ExtResource("6_3dxm6")]
transform = Transform3D(0.345132, 0, 0.333593, 0, 0.48, 0, -0.333593, 0, 0.345132, 8.79765e-05, 0.280287, -0.052214)

[node name="balls" parent="." instance=ExtResource("7_lgr22")]
transform = Transform3D(-0.0397484, 0, 0.0636008, 0, 0.075, 0, -0.0636008, 0, -0.0397484, -0.00640643, 0.260248, 0.331056)

[node name="BodySpawner" type="Node3D" parent="." node_paths=PackedStringArray("path")]
transform = Transform3D(1, 0, 0, 0, 1, 0, 0, 0, 1, 0.919115, 0, -11.6387)
script = ExtResource("8_trn2v")
path = NodePath("Belt/Path3D")

[node name="SpawnTimer" type="Timer" parent="BodySpawner"]
autostart = true

[node name="Belt" type="CSGBox3D" parent="BodySpawner"]
transform = Transform3D(-4.37114e-08, 0, 1, 0, 1, 0, -1, 0, -4.37114e-08, 0.056291, -0.219788, 6.06487)
size = Vector3(13.0112, 0.241211, 0.799643)
material = SubResource("ShaderMaterial_wkp8b")

[node name="Path3D" type="Path3D" parent="BodySpawner/Belt"]
transform = Transform3D(-4.37114e-08, 0, -1, 0, 1, 0, 1, 0, -4.37114e-08, -5.54733, 0.219788, -0.200024)
curve = SubResource("Curve3D_03owx")

[node name="AxeHand" type="Sprite2D" parent="."]
position = Vector2(1389, 817)
scale = Vector2(1.95207, 1.7807)
texture = ExtResource("9_03owx")

[node name="Hand3" type="Sprite2D" parent="."]
position = Vector2(524, 893)
scale = Vector2(3, 3)
texture = ExtResource("2_r0du0")

[node name="Crosshair" type="Control" parent="."]
layout_mode = 3
anchors_preset = 8
anchor_left = 0.5
anchor_top = 0.5
anchor_right = 0.5
anchor_bottom = 0.5
grow_horizontal = 2
grow_vertical = 2

[node name="Crosshair" type="Sprite2D" parent="Crosshair"]
scale = Vector2(1.46, 1.46)
texture = ExtResource("12_5vvyt")
